Oscilloscope data. 
Time step = 20,00 uS
Voltage step = 156,3 mV
Zero level = 116

N 	Smpl.	Trig

0	121	0
1	0	0
2	30	0
3	181	0
4	237	0
5	121	0
6	0	0
7	30	0
8	181	0
9	237	0
10	121	0
11	0	0
12	30	0
13	181	0
14	237	0
15	120	0
16	0	0
17	31	0
18	181	0
19	237	0
20	120	0
21	0	0
22	30	0
23	181	0
24	237	0
25	121	0
26	0	0
27	30	0
28	181	0
29	237	0
30	120	0
31	0	0
32	30	0
33	181	0
34	237	0
35	120	0
36	0	0
37	30	0
38	181	0
39	237	0
40	121	0
41	0	0
42	30	0
43	181	0
44	237	0
45	121	0
46	0	0
47	30	0
48	181	0
49	237	0
50	121	0
51	0	0
52	30	0
53	181	0
54	237	0
55	121	0
56	0	0
57	30	0
58	181	0
59	237	0
60	121	0
61	0	0
62	30	0
63	181	0
64	237	0
65	120	0
66	0	0
67	30	0
68	181	0
69	237	0
70	120	0
71	0	0
72	31	0
73	181	0
74	237	0
75	121	0
76	0	0
77	30	0
78	181	0
79	237	0
80	121	0
81	0	0
82	30	0
83	181	0
84	237	0
85	121	0
86	0	0
87	30	0
88	181	0
89	237	0
90	121	0
91	0	0
92	31	0
93	181	0
94	237	0
95	121	0
96	0	0
97	30	0
98	181	0
99	237	0
100	121	0
101	0	0
102	30	0
103	180	0
104	237	0
105	121	0
106	0	0
107	29	0
108	177	0
109	238	0
110	126	0
111	0	0
112	23	0
113	170	0
114	239	0
115	137	0
116	2	0
117	16	0
118	159	0
119	241	0
120	150	0
121	9	0
122	6	0
123	143	0
124	241	0
125	168	0
126	23	0
127	0	0
128	121	0
129	235	0
130	188	0
131	42	0
132	0	0
133	96	0
134	225	0
135	209	0
136	67	0
137	0	0
138	66	0
139	207	0
140	227	0
141	100	0
142	0	0
143	36	0
144	180	0
145	238	0
146	137	0
147	5	0
148	8	0
149	144	0
150	240	0
151	176	0
152	33	0
153	0	0
154	99	0
155	225	0
156	211	0
157	75	0
158	0	0
159	53	0
160	194	0
161	236	0
162	125	0
163	1	0
164	11	0
165	145	0
166	240	0
167	179	0
168	38	0
169	0	0
170	87	0
171	218	0
172	221	0
173	95	0
174	0	0
175	31	0
176	169	0
177	241	0
178	159	0
179	23	0
180	0	0
181	102	0
182	225	0
183	215	0
184	85	0
185	0	0
186	34	0
187	173	0
188	241	0
189	161	0
190	25	0
191	0	0
192	95	0
193	221	0
194	221	0
195	97	0
196	0	0
197	23	0
198	156	0
199	241	0
200	179	0
201	45	0
202	0	0
203	69	0
204	201	0
205	235	0
206	131	0
207	8	0
208	0	0
209	117	0
210	229	0
211	213	0
212	85	0
213	0	0
214	27	0
215	158	0
216	240	0
217	182	0
218	50	0
219	0	0
220	57	0
221	189	0
222	239	0
223	152	0
224	23	0
225	0	0
226	86	0
227	211	0
228	231	0
229	125	0
230	7	0
231	0	0
232	111	0
233	224	0
234	221	0
235	105	0
236	0	0
237	9	0
238	127	0
239	231	0
240	212	0
241	90	0
242	0	0
243	16	0
244	139	0
245	235	0
246	205	0
247	82	0
248	0	0
249	21	0
250	144	0
251	236	0
252	204	0
253	81	0
254	0	0
255	21	0
256	142	0
257	236	0
258	207	0
259	85	0
260	0	0
261	15	0
262	134	0
263	232	0
264	213	0
265	96	0
266	0	0
267	7	0
268	120	0
269	225	0
270	223	0
271	114	0
272	5	0
273	0	0
274	99	0
275	214	0
276	233	0
277	139	0
278	19	0
279	0	0
280	73	0
281	194	0
282	240	0
283	167	0
284	45	0
285	0	0
286	43	0
287	165	0
288	239	0
289	198	0
290	79	0
291	0	0
292	12	0
293	125	0
294	225	0
295	225	0
296	123	0
297	13	0
298	0	0
299	77	0
300	194	0
301	239	0
302	172	0
303	51	0
304	0	0
305	30	0
306	146	0
307	233	0
308	215	0
309	107	0
310	5	0
311	0	0
312	85	0
313	199	0
314	239	0
315	171	0
316	53	0
317	0	0
318	26	0
319	139	0
320	230	0
321	222	0
322	122	0
323	13	0
324	0	0
325	65	0
326	181	0
327	240	0
328	195	0
329	81	0
330	0	0
331	4	0
332	102	0
333	208	0
334	238	0
335	166	0
336	50	0
337	0	0
338	22	0
339	130	0
340	225	0
341	230	0
342	141	0
343	31	0
344	0	0
345	38	0
346	150	0
347	233	0
348	221	0
349	125	0
350	21	0
351	0	0
352	49	0
353	161	0
354	236	0
355	217	0
356	117	0
357	15	0
358	0	0
359	52	0
360	163	0
361	237	0
362	217	0
363	118	0
364	17	0
365	0	0
366	49	0
367	157	0
368	234	0
369	221	0
370	128	0
371	25	0
372	0	0
373	37	0
374	145	0
375	229	0
376	229	0
377	147	0
378	40	0
379	0	0
380	20	0
381	120	0
382	215	0
383	237	0
384	171	0
385	65	0
386	0	0
387	2	0
388	88	0
389	191	0
390	241	0
391	201	0
392	102	0
393	9	0
394	0	0
395	49	0
396	154	0
397	231	0
398	227	0
399	147	0
400	44	0
401	0	0
402	11	0
403	104	0
404	201	0
405	241	0
406	195	0
407	97	0
408	7	0
409	0	0
410	49	0
411	149	0
412	227	0
413	233	0
414	160	0
415	57	0
416	0	0
417	1	0
418	81	0
419	181	0
420	239	0
421	217	0
422	130	0
423	33	0
424	0	0
425	15	0
426	104	0
427	199	0
428	241	0
429	204	0
430	113	0
431	21	0
432	0	0
433	25	0
434	117	0
435	206	0
436	241	0
437	198	0
438	105	0
439	17	0
440	0	0
441	27	0
442	118	0
443	207	0
444	241	0
445	200	0
446	110	0
447	21	0
448	0	0
449	21	0
450	109	0
451	199	0
452	241	0
453	211	0
454	125	0
455	33	0
456	0	0
457	7	0
458	88	0
459	181	0
460	237	0
461	225	0
462	151	0
463	57	0
464	0	0
465	0	0
466	56	0
467	149	0
468	223	0
469	237	0
470	186	0
471	97	0
472	14	0
473	0	0
474	21	0
475	105	0
476	192	0
477	239	0
478	221	0
479	147	0
480	56	0
481	0	0
482	0	0
483	49	0
484	140	0
485	215	0
486	240	0
487	201	0
488	118	0
489	33	0
490	0	0
491	2	0
492	70	0
493	159	0
494	227	0
495	237	0
496	189	0
497	104	0
498	24	0
499	0	0
500	7	0
501	78	0
502	165	0
503	228	0
504	237	0
505	187	0
506	104	0
507	25	0
508	0	0
509	5	0
510	71	0
511	158	0
512	223	0
513	239	0
514	197	0
515	118	0
516	37	0
517	0	0
518	0	0
519	53	0
520	136	0
521	210	0
522	241	0
523	217	0
524	147	0
525	63	0
526	1	0
527	0	0
528	25	0
529	101	0
530	181	0
531	233	0
532	235	0
533	186	0
534	107	0
535	31	0
536	0	0
537	0	0
538	51	0
539	130	0
540	203	0
541	239	0
542	224	0
543	165	0
544	85	0
545	16	0
546	0	0
547	5	0
548	65	0
549	145	0
550	212	0
551	241	0
552	221	0
553	159	0
554	81	0
555	14	0
556	0	0
557	3	0
558	62	0
559	139	0
560	207	0
561	239	0
562	225	0
563	170	0
564	94	0
565	25	0
566	0	0
567	0	0
568	45	0
569	117	0
570	189	0
571	235	0
572	235	0
573	194	0
574	125	0
575	51	0
576	0	0
577	0	0
578	15	0
579	77	0
580	152	0
581	213	0
582	241	0
583	225	0
584	172	0
585	100	0
586	31	0
587	0	0
588	0	0
589	27	0
590	93	0
591	165	0
592	219	0
593	241	0
594	220	0
595	166	0
596	96	0
597	31	0
598	0	0
599	0	0
600	25	0
601	87	0
602	157	0
603	213	0
604	241	0
605	227	0
606	181	0
607	113	0
608	47	0
609	0	0
610	0	0
611	7	0
612	60	0
613	128	0
614	192	0
615	233	0
616	239	0
617	208	0
618	152	0
619	85	0
620	25	0
621	0	0
622	0	0
623	21	0
624	78	0
625	145	0
626	202	0
627	237	0
628	237	0
629	204	0
630	147	0
631	81	0
632	24	0
633	0	0
634	0	0
635	17	0
636	71	0
637	135	0
638	193	0
639	231	0
640	240	0
641	216	0
642	166	0
643	104	0
644	44	0
645	1	0
646	0	0
647	0	0
648	41	0
649	101	0
650	161	0
651	211	0
652	238	0
653	235	0
654	204	0
655	151	0
656	90	0
657	34	0
658	0	0
659	0	0
660	2	0
661	43	0
662	101	0
663	159	0
664	209	0
665	237	0
666	238	0
667	212	0
668	165	0
669	107	0
670	50	0
671	7	0
672	0	0
673	0	0
674	21	0
675	70	0
676	127	0
677	181	0
678	222	0
679	241	0
680	233	0
681	201	0
682	153	0
683	97	0
684	44	0
685	4	0
686	0	0
687	0	0
688	19	0
689	65	0
690	119	0
691	173	0
692	215	0
693	238	0
694	237	0
695	215	0
696	173	0
697	121	0
698	69	0
699	23	0
700	0	0
701	0	0
702	0	0
703	30	0
704	78	0
705	130	0
706	180	0
707	218	0
708	238	0
709	238	0
710	217	0
711	177	0
712	129	0
713	78	0
714	33	0
715	1	0
716	0	0
717	0	0
718	14	0
719	53	0
720	101	0
721	150	0
722	194	0
723	226	0
724	240	0
725	235	0
726	213	0
727	175	0
728	129	0
729	80	0
730	37	0
731	5	0
732	0	0
733	0	0
734	4	0
735	37	0
736	79	0
737	126	0
738	171	0
739	209	0
740	233	0
741	241	0
742	232	0
743	207	0
744	171	0
745	127	0
746	82	0
747	41	0
748	8	0
749	0	0
750	0	0
751	0	0
752	21	0
753	57	0
754	100	0
755	145	0
756	183	0
757	216	0
758	235	0
759	241	0
760	231	0
761	209	0
762	176	0
763	135	0
764	93	0
765	53	0
766	19	0
767	0	0
768	0	0
769	0	0
770	3	0
771	29	0
772	65	0
773	105	0
774	145	0
775	181	0
776	213	0
777	232	0
778	241	0
779	237	0
780	221	0
781	195	0
782	161	0
783	123	0
784	85	0
785	48	0
786	18	0
787	0	0
788	0	0
789	0	0
790	0	0
791	17	0
792	47	0
793	81	0
794	117	0
795	154	0
796	187	0
797	214	0
798	231	0
799	240	0
800	239	0
801	227	0
802	206	0
803	179	0
804	147	0
805	112	0
806	77	0
807	46	0
808	18	0
809	0	0
810	0	0
811	0	0
812	0	0
813	6	0
814	28	0
815	54	0
816	86	0
817	119	0
818	151	0
819	180	0
820	206	0
821	225	0
822	237	0
823	241	0
824	237	0
825	225	0
826	206	0
827	182	0
828	155	0
829	125	0
830	94	0
831	65	0
832	38	0
833	15	0
834	0	0
835	0	0
836	0	0
837	0	0
838	0	0
839	12	0
840	32	0
841	57	0
842	85	0
843	113	0
844	141	0
845	167	0
846	191	0
847	211	0
848	227	0
849	236	0
850	241	0
851	239	0
852	233	0
853	220	0
854	204	0
855	183	0
856	160	0
857	135	0
858	110	0
859	85	0
860	61	0
861	38	0
862	19	0
863	5	0
864	0	0
865	0	0
866	0	0
867	0	0
868	0	0
869	6	0
870	19	0
871	36	0
872	57	0
873	78	0
874	100	0
875	123	0
876	145	0
877	166	0
878	185	0
879	202	0
880	217	0
881	228	0
882	235	0
883	240	0
884	241	0
885	238	0
886	232	0
887	222	0
888	211	0
889	197	0
890	181	0
891	163	0
892	145	0
893	125	0
894	107	0
895	87	0
896	69	0
897	53	0
898	36	0
899	22	0
900	11	0
901	1	0
902	0	0
903	0	0
904	0	0
905	0	0
906	0	0
907	0	0
908	0	0
909	6	0
910	14	0
911	25	0
912	38	0
913	52	0
914	65	0
915	80	0
916	96	0
917	111	0
918	125	0
919	141	0
920	154	0
921	168	0
922	180	0
923	192	0
924	202	0
925	211	0
926	220	0
927	227	0
928	232	0
929	236	0
930	239	0
931	241	0
932	241	0
933	240	0
934	237	0
935	235	0
936	230	0
937	225	0
938	219	0
939	213	0
940	205	0
941	197	0
942	189	0
943	180	0
944	171	0
945	161	0
946	152	0
947	142	0
948	133	0
949	123	0
950	115	0
951	105	0
952	97	0
953	89	0
954	80	0
955	72	0
956	64	0
957	56	0
958	49	0
959	43	0
960	37	0
961	31	0
962	25	0
963	21	0
964	15	0
965	12	0
966	8	0
967	5	0
968	1	0
969	0	0
970	0	0
971	0	0
972	0	0
973	0	0
974	0	0
975	0	0
976	0	0
977	0	0
978	0	0
979	0	0
980	0	0
981	0	0
982	0	0
983	0	0
984	0	0
985	0	0
986	0	0
987	0	0
988	0	0
989	0	0
990	0	0
991	0	0
992	0	0
993	0	0
994	0	0
995	0	0
996	0	0
997	0	0
998	0	0
999	0	0
