Oscilloscope data. 
Time step = 5,000 uS
Voltage step = 156,3 mV
Zero level = 116

N 	Smpl.	Trig

0	232	0
1	14	0
2	179	0
3	83	0
4	102	0
5	161	0
6	29	0
7	221	0
8	0	0
9	240	0
10	0	0
11	210	0
12	46	0
13	142	0
14	122	0
15	63	0
16	195	0
17	4	0
18	237	0
19	0	0
20	231	0
21	14	0
22	179	0
23	82	0
24	103	0
25	161	0
26	29	0
27	222	0
28	0	0
29	241	0
30	0	0
31	210	0
32	46	0
33	142	0
34	123	0
35	63	0
36	195	0
37	4	0
38	237	0
39	0	0
40	231	0
41	14	0
42	179	0
43	83	0
44	102	0
45	161	0
46	29	0
47	221	0
48	0	0
49	241	0
50	0	0
51	210	0
52	45	0
53	142	0
54	122	0
55	63	0
56	195	0
57	5	0
58	237	0
59	0	0
60	231	0
61	14	0
62	179	0
63	82	0
64	102	0
65	161	0
66	30	0
67	221	0
68	0	0
69	241	0
70	0	0
71	210	0
72	45	0
73	143	0
74	122	0
75	63	0
76	195	0
77	5	0
78	237	0
79	0	0
80	231	0
81	14	0
82	179	0
83	83	0
84	102	0
85	161	0
86	29	0
87	221	0
88	0	0
89	241	0
90	0	0
91	210	0
92	46	0
93	142	0
94	122	0
95	63	0
96	195	0
97	4	0
98	237	0
99	0	0
100	231	0
101	15	0
102	179	0
103	82	0
104	102	0
105	161	0
106	30	0
107	221	0
108	0	0
109	241	0
110	0	0
111	211	0
112	44	0
113	145	0
114	118	0
115	66	0
116	192	0
117	6	0
118	235	0
119	0	0
120	233	0
121	9	0
122	187	0
123	73	0
124	113	0
125	149	0
126	40	0
127	213	0
128	0	0
129	241	0
130	0	0
131	221	0
132	29	0
133	163	0
134	99	0
135	87	0
136	173	0
137	21	0
138	227	0
139	0	0
140	240	0
141	0	0
142	207	0
143	47	0
144	142	0
145	120	0
146	67	0
147	191	0
148	8	0
149	235	0
150	0	0
151	236	0
152	5	0
153	194	0
154	62	0
155	126	0
156	137	0
157	53	0
158	201	0
159	0	0
160	238	0
161	0	0
162	231	0
163	13	0
164	185	0
165	73	0
166	114	0
167	147	0
168	45	0
169	209	0
170	0	0
171	240	0
172	0	0
173	229	0
174	17	0
175	179	0
176	79	0
177	108	0
178	152	0
179	40	0
180	211	0
181	0	0
182	240	0
183	0	0
184	227	0
185	19	0
186	178	0
187	80	0
188	109	0
189	151	0
190	41	0
191	211	0
192	0	0
193	240	0
194	0	0
195	229	0
196	17	0
197	182	0
198	77	0
199	113	0
200	147	0
201	45	0
202	207	0
203	0	0
204	239	0
205	0	0
206	232	0
207	10	0
208	189	0
209	66	0
210	125	0
211	136	0
212	55	0
213	198	0
214	5	0
215	236	0
216	0	0
217	235	0
218	3	0
219	201	0
220	53	0
221	139	0
222	119	0
223	71	0
224	184	0
225	14	0
226	229	0
227	0	0
228	239	0
229	0	0
230	214	0
231	35	0
232	160	0
233	99	0
234	93	0
235	165	0
236	31	0
237	218	0
238	0	0
239	241	0
240	0	0
241	227	0
242	17	0
243	183	0
244	72	0
245	119	0
246	139	0
247	54	0
248	197	0
249	5	0
250	235	0
251	0	0
252	237	0
253	0	0
254	207	0
255	42	0
256	152	0
257	105	0
258	86	0
259	169	0
260	29	0
261	219	0
262	0	0
263	241	0
264	0	0
265	229	0
266	14	0
267	187	0
268	68	0
269	125	0
270	131	0
271	62	0
272	191	0
273	11	0
274	231	0
275	0	0
276	241	0
277	0	0
278	218	0
279	29	0
280	169	0
281	86	0
282	106	0
283	150	0
284	46	0
285	205	0
286	2	0
287	237	0
288	0	0
289	237	0
290	0	0
291	209	0
292	41	0
293	156	0
294	99	0
295	94	0
296	161	0
297	37	0
298	211	0
299	0	0
300	238	0
301	0	0
302	235	0
303	3	0
304	203	0
305	46	0
306	151	0
307	105	0
308	89	0
309	165	0
310	33	0
311	213	0
312	0	0
313	239	0
314	0	0
315	236	0
316	3	0
317	204	0
318	43	0
319	153	0
320	102	0
321	93	0
322	161	0
323	37	0
324	209	0
325	0	0
326	237	0
327	0	0
328	237	0
329	0	0
330	209	0
331	37	0
332	162	0
333	91	0
334	103	0
335	150	0
336	47	0
337	201	0
338	5	0
339	233	0
340	0	0
341	240	0
342	0	0
343	219	0
344	25	0
345	177	0
346	75	0
347	121	0
348	131	0
349	65	0
350	186	0
351	17	0
352	225	0
353	0	0
354	241	0
355	0	0
356	230	0
357	9	0
358	197	0
359	51	0
360	147	0
361	105	0
362	90	0
363	161	0
364	37	0
365	208	0
366	1	0
367	235	0
368	0	0
369	239	0
370	0	0
371	219	0
372	25	0
373	177	0
374	73	0
375	125	0
376	128	0
377	69	0
378	180	0
379	23	0
380	220	0
381	0	0
382	239	0
383	0	0
384	235	0
385	1	0
386	209	0
387	37	0
388	165	0
389	85	0
390	112	0
391	140	0
392	59	0
393	189	0
394	15	0
395	225	0
396	0	0
397	240	0
398	0	0
399	233	0
400	4	0
401	205	0
402	41	0
403	161	0
404	89	0
405	109	0
406	142	0
407	57	0
408	190	0
409	15	0
410	225	0
411	0	0
412	241	0
413	0	0
414	235	0
415	2	0
416	208	0
417	36	0
418	166	0
419	82	0
420	117	0
421	134	0
422	65	0
423	182	0
424	22	0
425	219	0
426	0	0
427	239	0
428	0	0
429	238	0
430	0	0
431	217	0
432	25	0
433	181	0
434	67	0
435	134	0
436	116	0
437	83	0
438	165	0
439	38	0
440	206	0
441	5	0
442	233	0
443	0	0
444	241	0
445	0	0
446	230	0
447	7	0
448	201	0
449	43	0
450	160	0
451	87	0
452	113	0
453	137	0
454	64	0
455	182	0
456	23	0
457	217	0
458	0	0
459	237	0
460	0	0
461	239	0
462	0	0
463	223	0
464	15	0
465	192	0
466	53	0
467	149	0
468	98	0
469	103	0
470	145	0
471	57	0
472	187	0
473	20	0
474	220	0
475	0	0
476	238	0
477	0	0
478	239	0
479	0	0
480	223	0
481	15	0
482	193	0
483	51	0
484	153	0
485	94	0
486	107	0
487	141	0
488	62	0
489	182	0
490	24	0
491	215	0
492	0	0
493	235	0
494	0	0
495	241	0
496	0	0
497	229	0
498	7	0
499	203	0
500	38	0
501	167	0
502	79	0
503	124	0
504	123	0
505	80	0
506	165	0
507	40	0
508	202	0
509	9	0
510	227	0
511	0	0
512	241	0
513	0	0
514	237	0
515	0	0
516	221	0
517	17	0
518	191	0
519	51	0
520	153	0
521	92	0
522	111	0
523	135	0
524	69	0
525	174	0
526	32	0
527	208	0
528	5	0
529	231	0
530	0	0
531	240	0
532	0	0
533	237	0
534	0	0
535	219	0
536	19	0
537	191	0
538	51	0
539	155	0
540	90	0
541	114	0
542	131	0
543	74	0
544	170	0
545	37	0
546	203	0
547	9	0
548	227	0
549	0	0
550	239	0
551	0	0
552	239	0
553	0	0
554	227	0
555	8	0
556	203	0
557	37	0
558	171	0
559	73	0
560	133	0
561	111	0
562	94	0
563	149	0
564	56	0
565	185	0
566	25	0
567	213	0
568	1	0
569	233	0
570	0	0
571	240	0
572	0	0
573	237	0
574	0	0
575	222	0
576	13	0
577	198	0
578	41	0
579	167	0
580	77	0
581	131	0
582	113	0
583	94	0
584	149	0
585	57	0
586	183	0
587	27	0
588	210	0
589	5	0
590	230	0
591	0	0
592	239	0
593	0	0
594	239	0
595	0	0
596	229	0
597	6	0
598	207	0
599	29	0
600	181	0
601	61	0
602	147	0
603	93	0
604	113	0
605	129	0
606	78	0
607	164	0
608	46	0
609	193	0
610	18	0
611	218	0
612	0	0
613	233	0
614	0	0
615	240	0
616	0	0
617	238	0
618	0	0
619	227	0
620	7	0
621	207	0
622	29	0
623	182	0
624	57	0
625	151	0
626	89	0
627	117	0
628	123	0
629	85	0
630	155	0
631	54	0
632	185	0
633	27	0
634	209	0
635	6	0
636	227	0
637	0	0
638	238	0
639	0	0
640	241	0
641	0	0
642	235	0
643	0	0
644	221	0
645	13	0
646	201	0
647	36	0
648	176	0
649	63	0
650	147	0
651	93	0
652	117	0
653	125	0
654	85	0
655	155	0
656	55	0
657	182	0
658	31	0
659	205	0
660	9	0
661	224	0
662	0	0
663	236	0
664	0	0
665	241	0
666	0	0
667	238	0
668	0	0
669	229	0
670	3	0
671	214	0
672	21	0
673	193	0
674	43	0
675	169	0
676	70	0
677	141	0
678	98	0
679	113	0
680	125	0
681	85	0
682	154	0
683	57	0
684	179	0
685	33	0
686	203	0
687	13	0
688	220	0
689	0	0
690	233	0
691	0	0
692	239	0
693	0	0
694	241	0
695	0	0
696	235	0
697	0	0
698	225	0
699	7	0
700	209	0
701	25	0
702	189	0
703	46	0
704	167	0
705	70	0
706	141	0
707	97	0
708	116	0
709	122	0
710	89	0
711	148	0
712	65	0
713	171	0
714	43	0
715	193	0
716	22	0
717	212	0
718	7	0
719	225	0
720	0	0
721	235	0
722	0	0
723	240	0
724	0	0
725	241	0
726	0	0
727	236	0
728	0	0
729	227	0
730	5	0
731	213	0
732	19	0
733	197	0
734	38	0
735	177	0
736	58	0
737	155	0
738	81	0
739	132	0
740	104	0
741	109	0
742	126	0
743	87	0
744	149	0
745	65	0
746	171	0
747	45	0
748	190	0
749	26	0
750	206	0
751	11	0
752	220	0
753	0	0
754	231	0
755	0	0
756	238	0
757	0	0
758	241	0
759	0	0
760	240	0
761	0	0
762	235	0
763	0	0
764	228	0
765	3	0
766	218	0
767	14	0
768	204	0
769	29	0
770	187	0
771	46	0
772	171	0
773	63	0
774	151	0
775	83	0
776	131	0
777	103	0
778	111	0
779	123	0
780	92	0
781	142	0
782	73	0
783	161	0
784	54	0
785	179	0
786	37	0
787	194	0
788	23	0
789	209	0
790	10	0
791	219	0
792	1	0
793	229	0
794	0	0
795	236	0
796	0	0
797	239	0
798	0	0
799	241	0
800	0	0
801	239	0
802	0	0
803	236	0
804	0	0
805	230	0
806	0	0
807	222	0
808	8	0
809	211	0
810	20	0
811	199	0
812	31	0
813	187	0
814	45	0
815	173	0
816	59	0
817	157	0
818	75	0
819	141	0
820	92	0
821	125	0
822	108	0
823	110	0
824	123	0
825	93	0
826	139	0
827	78	0
828	153	0
829	64	0
830	169	0
831	50	0
832	181	0
833	37	0
834	194	0
835	25	0
836	205	0
837	15	0
838	214	0
839	7	0
840	222	0
841	0	0
842	229	0
843	0	0
844	235	0
845	0	0
846	238	0
847	0	0
848	240	0
849	0	0
850	241	0
851	0	0
852	241	0
853	0	0
854	238	0
855	0	0
856	234	0
857	0	0
858	230	0
859	0	0
860	223	0
861	5	0
862	217	0
863	12	0
864	209	0
865	19	0
866	200	0
867	29	0
868	191	0
869	38	0
870	182	0
871	49	0
872	172	0
873	57	0
874	161	0
875	69	0
876	150	0
877	79	0
878	140	0
879	91	0
880	129	0
881	101	0
882	118	0
883	111	0
884	109	0
885	122	0
886	97	0
887	131	0
888	87	0
889	142	0
890	77	0
891	152	0
892	69	0
893	161	0
894	59	0
895	170	0
896	51	0
897	177	0
898	43	0
899	185	0
900	37	0
901	193	0
902	29	0
903	199	0
904	22	0
905	206	0
906	16	0
907	211	0
908	11	0
909	217	0
910	6	0
911	221	0
912	1	0
913	225	0
914	0	0
915	229	0
916	0	0
917	232	0
918	0	0
919	235	0
920	0	0
921	237	0
922	0	0
923	238	0
924	0	0
925	239	0
926	0	0
927	240	0
928	0	0
929	241	0
930	0	0
931	241	0
932	0	0
933	241	0
934	0	0
935	239	0
936	0	0
937	239	0
938	0	0
939	238	0
940	0	0
941	237	0
942	0	0
943	236	0
944	0	0
945	234	0
946	0	0
947	232	0
948	0	0
949	231	0
950	0	0
951	229	0
952	0	0
953	227	0
954	0	0
955	225	0
956	1	0
957	223	0
958	3	0
959	221	0
960	6	0
961	219	0
962	7	0
963	217	0
964	9	0
965	215	0
966	11	0
967	213	0
968	13	0
969	211	0
970	14	0
971	209	0
972	16	0
973	207	0
974	19	0
975	206	0
976	19	0
977	205	0
978	21	0
979	203	0
980	22	0
981	201	0
982	24	0
983	200	0
984	25	0
985	199	0
986	27	0
987	198	0
988	28	0
989	197	0
990	28	0
991	197	0
992	30	0
993	195	0
994	29	0
995	195	0
996	29	0
997	194	0
998	30	0
999	194	0
