Oscilloscope data. 
Time step = 1,000 uS
Voltage step = 312,5 mV
Zero level = 55

N 	Smpl.	Trig

0	135	0
1	88	0
2	57	0
3	59	0
4	93	0
5	140	0
6	175	0
7	179	0
8	150	0
9	103	0
10	65	0
11	54	0
12	79	0
13	124	0
14	166	0
15	182	0
16	163	0
17	119	0
18	75	0
19	53	0
20	67	0
21	109	0
22	154	0
23	181	0
24	173	0
25	135	0
26	89	0
27	57	0
28	59	0
29	93	0
30	140	0
31	175	0
32	179	0
33	150	0
34	103	0
35	65	0
36	54	0
37	79	0
38	124	0
39	166	0
40	182	0
41	163	0
42	119	0
43	76	0
44	53	0
45	67	0
46	109	0
47	155	0
48	181	0
49	173	0
50	135	0
51	88	0
52	57	0
53	59	0
54	93	0
55	141	0
56	175	0
57	179	0
58	150	0
59	103	0
60	65	0
61	54	0
62	79	0
63	123	0
64	166	0
65	182	0
66	163	0
67	118	0
68	75	0
69	53	0
70	67	0
71	108	0
72	154	0
73	181	0
74	173	0
75	135	0
76	87	0
77	57	0
78	59	0
79	93	0
80	140	0
81	175	0
82	179	0
83	149	0
84	103	0
85	65	0
86	54	0
87	79	0
88	123	0
89	166	0
90	183	0
91	162	0
92	119	0
93	75	0
94	53	0
95	68	0
96	108	0
97	155	0
98	181	0
99	173	0
100	135	0
101	88	0
102	57	0
103	59	0
104	93	0
105	140	0
106	175	0
107	179	0
108	150	0
109	103	0
110	65	0
111	54	0
112	79	0
113	124	0
114	166	0
115	182	0
116	163	0
117	119	0
118	76	0
119	53	0
120	67	0
121	108	0
122	155	0
123	181	0
124	173	0
125	135	0
126	88	0
127	57	0
128	59	0
129	92	0
130	140	0
131	175	0
132	179	0
133	150	0
134	103	0
135	65	0
136	54	0
137	79	0
138	124	0
139	166	0
140	182	0
141	163	0
142	119	0
143	75	0
144	54	0
145	67	0
146	108	0
147	154	0
148	181	0
149	173	0
150	135	0
151	89	0
152	57	0
153	59	0
154	92	0
155	141	0
156	175	0
157	179	0
158	150	0
159	103	0
160	65	0
161	54	0
162	79	0
163	124	0
164	166	0
165	182	0
166	163	0
167	119	0
168	75	0
169	53	0
170	67	0
171	108	0
172	154	0
173	181	0
174	173	0
175	135	0
176	88	0
177	57	0
178	59	0
179	92	0
180	140	0
181	175	0
182	179	0
183	150	0
184	103	0
185	65	0
186	54	0
187	79	0
188	124	0
189	166	0
190	182	0
191	163	0
192	118	0
193	75	0
194	53	0
195	67	0
196	108	0
197	155	0
198	181	0
199	173	0
200	135	0
201	88	0
202	57	0
203	59	0
204	93	0
205	140	0
206	175	0
207	179	0
208	150	0
209	104	0
210	65	0
211	54	0
212	79	0
213	124	0
214	167	0
215	182	0
216	163	0
217	119	0
218	75	0
219	53	0
220	67	0
221	108	0
222	154	0
223	181	0
224	173	0
225	135	0
226	88	0
227	57	0
228	59	0
229	93	0
230	139	0
231	175	0
232	179	0
233	150	0
234	103	0
235	65	0
236	54	0
237	78	0
238	125	0
239	166	0
240	182	0
241	163	0
242	119	0
243	75	0
244	53	0
245	67	0
246	108	0
247	154	0
248	181	0
249	173	0
250	135	0
251	87	0
252	57	0
253	59	0
254	93	0
255	140	0
256	175	0
257	179	0
258	150	0
259	103	0
260	65	0
261	54	0
262	79	0
263	124	0
264	166	0
265	183	0
266	163	0
267	119	0
268	75	0
269	54	0
270	67	0
271	109	0
272	154	0
273	181	0
274	173	0
275	135	0
276	89	0
277	57	0
278	59	0
279	93	0
280	140	0
281	175	0
282	179	0
283	150	0
284	103	0
285	64	0
286	54	0
287	78	0
288	125	0
289	166	0
290	182	0
291	162	0
292	119	0
293	75	0
294	53	0
295	67	0
296	108	0
297	154	0
298	181	0
299	173	0
300	136	0
301	88	0
302	57	0
303	59	0
304	93	0
305	140	0
306	175	0
307	180	0
308	150	0
309	103	0
310	65	0
311	54	0
312	79	0
313	124	0
314	166	0
315	182	0
316	163	0
317	119	0
318	75	0
319	53	0
320	67	0
321	108	0
322	155	0
323	181	0
324	173	0
325	135	0
326	87	0
327	57	0
328	59	0
329	93	0
330	139	0
331	175	0
332	180	0
333	150	0
334	103	0
335	65	0
336	54	0
337	79	0
338	124	0
339	166	0
340	182	0
341	163	0
342	119	0
343	75	0
344	53	0
345	67	0
346	107	0
347	155	0
348	181	0
349	173	0
350	136	0
351	88	0
352	57	0
353	59	0
354	93	0
355	140	0
356	175	0
357	179	0
358	150	0
359	103	0
360	65	0
361	54	0
362	78	0
363	124	0
364	166	0
365	182	0
366	163	0
367	119	0
368	75	0
369	53	0
370	67	0
371	108	0
372	155	0
373	181	0
374	173	0
375	135	0
376	88	0
377	57	0
378	59	0
379	93	0
380	140	0
381	175	0
382	179	0
383	150	0
384	103	0
385	65	0
386	54	0
387	79	0
388	123	0
389	166	0
390	182	0
391	163	0
392	119	0
393	75	0
394	53	0
395	67	0
396	108	0
397	154	0
398	181	0
399	173	0
400	135	0
401	88	0
402	57	0
403	59	0
404	93	0
405	140	0
406	175	0
407	179	0
408	150	0
409	103	0
410	65	0
411	54	0
412	79	0
413	124	0
414	166	0
415	182	0
416	163	0
417	119	0
418	75	0
419	53	0
420	67	0
421	107	0
422	154	0
423	181	0
424	173	0
425	135	0
426	89	0
427	57	0
428	59	0
429	93	0
430	140	0
431	175	0
432	179	0
433	150	0
434	103	0
435	64	0
436	54	0
437	79	0
438	124	0
439	166	0
440	182	0
441	163	0
442	119	0
443	75	0
444	53	0
445	67	0
446	108	0
447	155	0
448	181	0
449	173	0
450	135	0
451	88	0
452	57	0
453	59	0
454	93	0
455	140	0
456	175	0
457	180	0
458	150	0
459	103	0
460	65	0
461	54	0
462	79	0
463	124	0
464	166	0
465	181	0
466	163	0
467	119	0
468	75	0
469	54	0
470	67	0
471	108	0
472	154	0
473	181	0
474	173	0
475	135	0
476	88	0
477	57	0
478	59	0
479	93	0
480	140	0
481	175	0
482	179	0
483	150	0
484	103	0
485	65	0
486	54	0
487	79	0
488	124	0
489	166	0
490	182	0
491	163	0
492	119	0
493	75	0
494	54	0
495	67	0
496	109	0
497	154	0
498	181	0
499	173	0
500	135	0
501	88	0
502	57	0
503	59	0
504	92	0
505	141	0
506	175	0
507	180	0
508	150	0
509	103	0
510	65	0
511	54	0
512	79	0
513	125	0
514	166	0
515	182	0
516	163	0
517	119	0
518	75	0
519	53	0
520	67	0
521	109	0
522	154	0
523	181	0
524	173	0
525	135	0
526	88	0
527	57	0
528	59	0
529	93	0
530	139	0
531	175	0
532	179	0
533	150	0
534	103	0
535	65	0
536	54	0
537	79	0
538	125	0
539	166	0
540	182	0
541	163	0
542	119	0
543	75	0
544	53	0
545	68	0
546	108	0
547	154	0
548	181	0
549	173	0
550	135	0
551	88	0
552	57	0
553	59	0
554	93	0
555	140	0
556	175	0
557	179	0
558	150	0
559	103	0
560	65	0
561	54	0
562	78	0
563	124	0
564	167	0
565	181	0
566	162	0
567	119	0
568	75	0
569	53	0
570	67	0
571	108	0
572	155	0
573	181	0
574	173	0
575	135	0
576	89	0
577	57	0
578	59	0
579	93	0
580	140	0
581	175	0
582	179	0
583	150	0
584	103	0
585	65	0
586	54	0
587	79	0
588	124	0
589	166	0
590	182	0
591	163	0
592	119	0
593	75	0
594	53	0
595	67	0
596	108	0
597	155	0
598	181	0
599	173	0
600	135	0
601	89	0
602	57	0
603	59	0
604	93	0
605	141	0
606	175	0
607	179	0
608	149	0
609	103	0
610	65	0
611	54	0
612	78	0
613	123	0
614	166	0
615	182	0
616	163	0
617	119	0
618	75	0
619	54	0
620	67	0
621	109	0
622	155	0
623	181	0
624	173	0
625	135	0
626	88	0
627	57	0
628	59	0
629	93	0
630	140	0
631	175	0
632	179	0
633	150	0
634	103	0
635	65	0
636	54	0
637	79	0
638	123	0
639	166	0
640	182	0
641	162	0
642	119	0
643	75	0
644	53	0
645	68	0
646	108	0
647	154	0
648	181	0
649	173	0
650	135	0
651	88	0
652	57	0
653	59	0
654	93	0
655	140	0
656	175	0
657	179	0
658	150	0
659	103	0
660	65	0
661	54	0
662	79	0
663	124	0
664	166	0
665	182	0
666	163	0
667	119	0
668	76	0
669	53	0
670	67	0
671	108	0
672	155	0
673	181	0
674	173	0
675	135	0
676	88	0
677	57	0
678	59	0
679	93	0
680	140	0
681	175	0
682	179	0
683	150	0
684	103	0
685	65	0
686	54	0
687	78	0
688	124	0
689	166	0
690	182	0
691	163	0
692	119	0
693	75	0
694	53	0
695	67	0
696	108	0
697	154	0
698	181	0
699	173	0
700	135	0
701	88	0
702	57	0
703	59	0
704	93	0
705	140	0
706	175	0
707	179	0
708	150	0
709	103	0
710	65	0
711	54	0
712	79	0
713	124	0
714	166	0
715	182	0
716	163	0
717	119	0
718	75	0
719	54	0
720	67	0
721	109	0
722	155	0
723	181	0
724	173	0
725	135	0
726	88	0
727	57	0
728	59	0
729	93	0
730	140	0
731	175	0
732	179	0
733	150	0
734	103	0
735	65	0
736	54	0
737	79	0
738	123	0
739	166	0
740	182	0
741	163	0
742	119	0
743	75	0
744	54	0
745	67	0
746	108	0
747	155	0
748	181	0
749	173	0
750	135	0
751	87	0
752	57	0
753	59	0
754	93	0
755	140	0
756	175	0
757	179	0
758	150	0
759	103	0
760	65	0
761	54	0
762	78	0
763	124	0
764	166	0
765	182	0
766	163	0
767	119	0
768	75	0
769	53	0
770	67	0
771	109	0
772	154	0
773	181	0
774	173	0
775	135	0
776	88	0
777	57	0
778	59	0
779	93	0
780	141	0
781	175	0
782	179	0
783	150	0
784	103	0
785	65	0
786	54	0
787	79	0
788	125	0
789	166	0
790	182	0
791	162	0
792	119	0
793	75	0
794	53	0
795	67	0
796	107	0
797	155	0
798	181	0
799	173	0
800	135	0
801	88	0
802	57	0
803	59	0
804	93	0
805	140	0
806	175	0
807	180	0
808	150	0
809	103	0
810	65	0
811	54	0
812	78	0
813	125	0
814	166	0
815	182	0
816	163	0
817	119	0
818	75	0
819	53	0
820	67	0
821	109	0
822	155	0
823	181	0
824	173	0
825	135	0
826	88	0
827	57	0
828	59	0
829	93	0
830	140	0
831	175	0
832	180	0
833	150	0
834	103	0
835	65	0
836	54	0
837	79	0
838	124	0
839	166	0
840	182	0
841	162	0
842	119	0
843	75	0
844	53	0
845	67	0
846	108	0
847	155	0
848	181	0
849	173	0
850	135	0
851	89	0
852	58	0
853	59	0
854	93	0
855	140	0
856	175	0
857	179	0
858	150	0
859	103	0
860	64	0
861	54	0
862	79	0
863	124	0
864	166	0
865	182	0
866	163	0
867	118	0
868	75	0
869	53	0
870	67	0
871	108	0
872	154	0
873	181	0
874	173	0
875	135	0
876	88	0
877	57	0
878	59	0
879	93	0
880	140	0
881	175	0
882	179	0
883	150	0
884	103	0
885	65	0
886	54	0
887	79	0
888	124	0
889	166	0
890	182	0
891	163	0
892	119	0
893	75	0
894	54	0
895	67	0
896	108	0
897	155	0
898	181	0
899	173	0
900	135	0
901	88	0
902	57	0
903	59	0
904	93	0
905	141	0
906	175	0
907	179	0
908	150	0
909	103	0
910	65	0
911	54	0
912	79	0
913	124	0
914	166	0
915	181	0
916	163	0
917	119	0
918	75	0
919	53	0
920	67	0
921	109	0
922	155	0
923	181	0
924	173	0
925	135	0
926	88	0
927	57	0
928	59	0
929	93	0
930	140	0
931	175	0
932	179	0
933	150	0
934	103	0
935	64	0
936	54	0
937	79	0
938	124	0
939	166	0
940	182	0
941	162	0
942	119	0
943	75	0
944	54	0
945	67	0
946	108	0
947	155	0
948	181	0
949	173	0
950	135	0
951	89	0
952	57	0
953	59	0
954	93	0
955	139	0
956	175	0
957	179	0
958	150	0
959	103	0
960	65	0
961	54	0
962	79	0
963	125	0
964	166	0
965	182	0
966	162	0
967	119	0
968	75	0
969	53	0
970	67	0
971	109	0
972	155	0
973	181	0
974	173	0
975	135	0
976	88	0
977	57	0
978	59	0
979	92	0
980	140	0
981	175	0
982	179	0
983	150	0
984	103	0
985	65	0
986	54	0
987	79	0
988	124	0
989	166	0
990	182	0
991	163	0
992	118	0
993	75	0
994	53	0
995	67	0
996	108	0
997	155	0
998	181	0
999	173	0
