Oscilloscope data. 
Time step = 1,000 uS
Voltage step = 312,5 mV
Zero level = 55

N 	Smpl.	Trig

0	159	0
1	152	0
2	56	0
3	122	0
4	177	0
5	77	0
6	83	0
7	180	0
8	113	0
9	57	0
10	159	0
11	152	0
12	56	0
13	121	0
14	177	0
15	77	0
16	83	0
17	181	0
18	114	0
19	58	0
20	159	0
21	153	0
22	55	0
23	122	0
24	177	0
25	77	0
26	83	0
27	180	0
28	114	0
29	57	0
30	159	0
31	152	0
32	55	0
33	121	0
34	177	0
35	77	0
36	83	0
37	179	0
38	113	0
39	57	0
40	159	0
41	152	0
42	55	0
43	122	0
44	177	0
45	77	0
46	83	0
47	180	0
48	113	0
49	57	0
50	159	0
51	153	0
52	55	0
53	122	0
54	177	0
55	77	0
56	83	0
57	180	0
58	113	0
59	57	0
60	158	0
61	152	0
62	55	0
63	122	0
64	177	0
65	77	0
66	83	0
67	181	0
68	113	0
69	57	0
70	159	0
71	152	0
72	56	0
73	122	0
74	177	0
75	77	0
76	83	0
77	181	0
78	113	0
79	58	0
80	159	0
81	152	0
82	55	0
83	122	0
84	177	0
85	77	0
86	83	0
87	180	0
88	114	0
89	57	0
90	159	0
91	152	0
92	55	0
93	122	0
94	177	0
95	77	0
96	83	0
97	180	0
98	113	0
99	58	0
100	159	0
101	152	0
102	56	0
103	122	0
104	177	0
105	77	0
106	83	0
107	180	0
108	113	0
109	57	0
110	159	0
111	152	0
112	55	0
113	122	0
114	177	0
115	77	0
116	83	0
117	180	0
118	113	0
119	58	0
120	159	0
121	153	0
122	55	0
123	123	0
124	178	0
125	77	0
126	83	0
127	180	0
128	113	0
129	57	0
130	159	0
131	152	0
132	55	0
133	123	0
134	177	0
135	77	0
136	83	0
137	179	0
138	113	0
139	57	0
140	159	0
141	153	0
142	55	0
143	122	0
144	177	0
145	77	0
146	83	0
147	180	0
148	113	0
149	58	0
150	159	0
151	152	0
152	55	0
153	122	0
154	177	0
155	77	0
156	83	0
157	180	0
158	113	0
159	58	0
160	159	0
161	152	0
162	55	0
163	122	0
164	177	0
165	77	0
166	83	0
167	180	0
168	113	0
169	57	0
170	159	0
171	153	0
172	55	0
173	123	0
174	177	0
175	77	0
176	83	0
177	180	0
178	113	0
179	58	0
180	159	0
181	152	0
182	55	0
183	122	0
184	177	0
185	77	0
186	83	0
187	181	0
188	113	0
189	57	0
190	159	0
191	152	0
192	55	0
193	122	0
194	177	0
195	77	0
196	83	0
197	181	0
198	113	0
199	58	0
200	159	0
201	153	0
202	55	0
203	123	0
204	177	0
205	77	0
206	83	0
207	180	0
208	113	0
209	57	0
210	159	0
211	153	0
212	55	0
213	121	0
214	177	0
215	77	0
216	83	0
217	181	0
218	113	0
219	57	0
220	159	0
221	152	0
222	55	0
223	122	0
224	177	0
225	77	0
226	83	0
227	180	0
228	113	0
229	57	0
230	159	0
231	153	0
232	55	0
233	121	0
234	177	0
235	77	0
236	83	0
237	180	0
238	113	0
239	58	0
240	159	0
241	152	0
242	55	0
243	122	0
244	177	0
245	77	0
246	83	0
247	180	0
248	113	0
249	57	0
250	159	0
251	152	0
252	55	0
253	122	0
254	177	0
255	77	0
256	83	0
257	181	0
258	113	0
259	57	0
260	159	0
261	152	0
262	55	0
263	122	0
264	177	0
265	77	0
266	83	0
267	180	0
268	113	0
269	57	0
270	159	0
271	152	0
272	56	0
273	122	0
274	177	0
275	77	0
276	83	0
277	181	0
278	114	0
279	58	0
280	159	0
281	152	0
282	55	0
283	122	0
284	177	0
285	77	0
286	83	0
287	180	0
288	113	0
289	57	0
290	159	0
291	152	0
292	55	0
293	121	0
294	177	0
295	77	0
296	83	0
297	180	0
298	113	0
299	58	0
300	159	0
301	152	0
302	55	0
303	122	0
304	177	0
305	77	0
306	83	0
307	181	0
308	113	0
309	58	0
310	159	0
311	152	0
312	55	0
313	122	0
314	177	0
315	77	0
316	83	0
317	180	0
318	113	0
319	57	0
320	159	0
321	152	0
322	55	0
323	122	0
324	177	0
325	77	0
326	83	0
327	180	0
328	113	0
329	57	0
330	159	0
331	152	0
332	55	0
333	122	0
334	177	0
335	77	0
336	83	0
337	180	0
338	114	0
339	57	0
340	159	0
341	153	0
342	55	0
343	123	0
344	177	0
345	77	0
346	83	0
347	180	0
348	113	0
349	57	0
350	159	0
351	152	0
352	56	0
353	122	0
354	177	0
355	77	0
356	83	0
357	180	0
358	113	0
359	57	0
360	159	0
361	152	0
362	55	0
363	122	0
364	177	0
365	77	0
366	83	0
367	180	0
368	113	0
369	57	0
370	159	0
371	153	0
372	55	0
373	122	0
374	177	0
375	77	0
376	83	0
377	180	0
378	113	0
379	57	0
380	159	0
381	152	0
382	55	0
383	122	0
384	177	0
385	77	0
386	83	0
387	180	0
388	113	0
389	57	0
390	159	0
391	153	0
392	55	0
393	122	0
394	177	0
395	77	0
396	83	0
397	181	0
398	113	0
399	57	0
400	159	0
401	152	0
402	55	0
403	122	0
404	177	0
405	77	0
406	83	0
407	180	0
408	113	0
409	57	0
410	159	0
411	152	0
412	55	0
413	122	0
414	177	0
415	77	0
416	83	0
417	180	0
418	113	0
419	57	0
420	159	0
421	152	0
422	55	0
423	121	0
424	177	0
425	77	0
426	83	0
427	181	0
428	113	0
429	58	0
430	159	0
431	153	0
432	55	0
433	122	0
434	177	0
435	77	0
436	83	0
437	180	0
438	113	0
439	57	0
440	159	0
441	153	0
442	55	0
443	122	0
444	177	0
445	77	0
446	83	0
447	181	0
448	113	0
449	57	0
450	159	0
451	152	0
452	55	0
453	122	0
454	177	0
455	77	0
456	83	0
457	181	0
458	113	0
459	57	0
460	159	0
461	152	0
462	55	0
463	122	0
464	177	0
465	77	0
466	83	0
467	180	0
468	113	0
469	57	0
470	159	0
471	152	0
472	55	0
473	122	0
474	177	0
475	77	0
476	83	0
477	181	0
478	113	0
479	57	0
480	159	0
481	152	0
482	55	0
483	122	0
484	177	0
485	77	0
486	83	0
487	180	0
488	113	0
489	57	0
490	159	0
491	153	0
492	55	0
493	121	0
494	177	0
495	77	0
496	83	0
497	179	0
498	113	0
499	57	0
500	159	0
501	153	0
502	55	0
503	121	0
504	177	0
505	77	0
506	83	0
507	180	0
508	114	0
509	57	0
510	159	0
511	152	0
512	55	0
513	122	0
514	177	0
515	77	0
516	83	0
517	180	0
518	114	0
519	57	0
520	159	0
521	153	0
522	55	0
523	122	0
524	177	0
525	77	0
526	83	0
527	180	0
528	113	0
529	57	0
530	159	0
531	152	0
532	55	0
533	122	0
534	177	0
535	77	0
536	83	0
537	181	0
538	113	0
539	57	0
540	158	0
541	153	0
542	55	0
543	121	0
544	177	0
545	77	0
546	83	0
547	180	0
548	113	0
549	58	0
550	159	0
551	152	0
552	55	0
553	122	0
554	177	0
555	77	0
556	83	0
557	181	0
558	113	0
559	57	0
560	159	0
561	152	0
562	55	0
563	123	0
564	177	0
565	77	0
566	83	0
567	181	0
568	113	0
569	57	0
570	159	0
571	152	0
572	55	0
573	122	0
574	177	0
575	77	0
576	83	0
577	180	0
578	113	0
579	57	0
580	159	0
581	152	0
582	55	0
583	122	0
584	177	0
585	77	0
586	83	0
587	180	0
588	113	0
589	57	0
590	159	0
591	152	0
592	55	0
593	123	0
594	177	0
595	77	0
596	83	0
597	180	0
598	113	0
599	57	0
600	159	0
601	152	0
602	55	0
603	122	0
604	177	0
605	77	0
606	83	0
607	180	0
608	113	0
609	57	0
610	159	0
611	152	0
612	55	0
613	122	0
614	177	0
615	77	0
616	83	0
617	179	0
618	113	0
619	57	0
620	159	0
621	152	0
622	55	0
623	122	0
624	177	0
625	77	0
626	83	0
627	181	0
628	113	0
629	57	0
630	159	0
631	153	0
632	55	0
633	123	0
634	177	0
635	77	0
636	83	0
637	180	0
638	113	0
639	57	0
640	159	0
641	153	0
642	55	0
643	122	0
644	177	0
645	77	0
646	83	0
647	181	0
648	113	0
649	58	0
650	159	0
651	152	0
652	55	0
653	122	0
654	177	0
655	77	0
656	83	0
657	180	0
658	113	0
659	57	0
660	159	0
661	152	0
662	55	0
663	121	0
664	177	0
665	77	0
666	84	0
667	180	0
668	113	0
669	58	0
670	159	0
671	152	0
672	55	0
673	122	0
674	177	0
675	77	0
676	83	0
677	181	0
678	113	0
679	57	0
680	159	0
681	152	0
682	55	0
683	123	0
684	177	0
685	77	0
686	83	0
687	180	0
688	113	0
689	57	0
690	159	0
691	153	0
692	55	0
693	122	0
694	177	0
695	77	0
696	83	0
697	180	0
698	113	0
699	58	0
700	159	0
701	152	0
702	55	0
703	123	0
704	177	0
705	77	0
706	83	0
707	181	0
708	113	0
709	57	0
710	159	0
711	152	0
712	55	0
713	122	0
714	177	0
715	77	0
716	83	0
717	179	0
718	113	0
719	57	0
720	159	0
721	153	0
722	55	0
723	122	0
724	177	0
725	77	0
726	83	0
727	181	0
728	113	0
729	57	0
730	159	0
731	153	0
732	55	0
733	122	0
734	177	0
735	77	0
736	83	0
737	181	0
738	113	0
739	57	0
740	159	0
741	152	0
742	55	0
743	122	0
744	177	0
745	77	0
746	83	0
747	180	0
748	113	0
749	57	0
750	159	0
751	153	0
752	55	0
753	122	0
754	177	0
755	77	0
756	83	0
757	180	0
758	113	0
759	57	0
760	159	0
761	152	0
762	55	0
763	122	0
764	177	0
765	77	0
766	83	0
767	181	0
768	113	0
769	57	0
770	159	0
771	152	0
772	55	0
773	122	0
774	178	0
775	77	0
776	83	0
777	179	0
778	113	0
779	57	0
780	159	0
781	152	0
782	55	0
783	121	0
784	177	0
785	77	0
786	83	0
787	180	0
788	113	0
789	58	0
790	159	0
791	151	0
792	55	0
793	122	0
794	177	0
795	77	0
796	83	0
797	180	0
798	113	0
799	57	0
800	159	0
801	152	0
802	55	0
803	122	0
804	177	0
805	77	0
806	83	0
807	180	0
808	113	0
809	58	0
810	159	0
811	152	0
812	55	0
813	122	0
814	177	0
815	77	0
816	83	0
817	179	0
818	113	0
819	57	0
820	159	0
821	153	0
822	56	0
823	122	0
824	177	0
825	77	0
826	83	0
827	180	0
828	113	0
829	57	0
830	159	0
831	153	0
832	55	0
833	122	0
834	177	0
835	77	0
836	83	0
837	180	0
838	113	0
839	58	0
840	159	0
841	152	0
842	55	0
843	121	0
844	177	0
845	77	0
846	83	0
847	180	0
848	113	0
849	58	0
850	159	0
851	152	0
852	55	0
853	122	0
854	177	0
855	77	0
856	83	0
857	180	0
858	113	0
859	58	0
860	159	0
861	153	0
862	55	0
863	122	0
864	177	0
865	77	0
866	83	0
867	181	0
868	114	0
869	57	0
870	159	0
871	152	0
872	55	0
873	122	0
874	177	0
875	77	0
876	83	0
877	180	0
878	113	0
879	57	0
880	159	0
881	152	0
882	55	0
883	122	0
884	178	0
885	77	0
886	83	0
887	181	0
888	113	0
889	58	0
890	159	0
891	152	0
892	55	0
893	122	0
894	177	0
895	77	0
896	83	0
897	180	0
898	113	0
899	57	0
900	159	0
901	152	0
902	55	0
903	122	0
904	177	0
905	77	0
906	83	0
907	180	0
908	113	0
909	57	0
910	159	0
911	153	0
912	55	0
913	123	0
914	177	0
915	77	0
916	83	0
917	180	0
918	113	0
919	58	0
920	159	0
921	153	0
922	55	0
923	122	0
924	177	0
925	77	0
926	83	0
927	180	0
928	113	0
929	57	0
930	159	0
931	153	0
932	55	0
933	122	0
934	177	0
935	77	0
936	83	0
937	180	0
938	113	0
939	57	0
940	159	0
941	152	0
942	55	0
943	122	0
944	178	0
945	77	0
946	83	0
947	179	0
948	113	0
949	57	0
950	159	0
951	152	0
952	55	0
953	122	0
954	177	0
955	77	0
956	83	0
957	180	0
958	113	0
959	57	0
960	158	0
961	153	0
962	55	0
963	122	0
964	177	0
965	77	0
966	83	0
967	180	0
968	113	0
969	57	0
970	159	0
971	151	0
972	55	0
973	121	0
974	177	0
975	77	0
976	83	0
977	180	0
978	113	0
979	57	0
980	159	0
981	152	0
982	55	0
983	123	0
984	177	0
985	77	0
986	83	0
987	180	0
988	113	0
989	57	0
990	159	0
991	153	0
992	56	0
993	122	0
994	177	0
995	77	0
996	83	0
997	180	0
998	113	0
999	57	0
